label: "INDEMIND"
id: 412eab8e4058621f7036b5e765dfe812
cameras:
- camera:
    label: cam0
    id: 54812562fa109c40fe90b29a59dd7798
    line-delay-nanoseconds: 0
    image_height: 400
    image_width: 640
    type: pinhole
    intrinsics:
      cols: 1
      rows: 4
      data: [244.076, 243.827, 294.053, 192.025]
    distortion:
      type: equidistant 
      parameters:
        cols: 1
        rows: 4
        data: [0.578176, 0.126137, -0.460221, 0.188308]
  T_B_C:
    cols: 4
    rows: 4
    data: [-0.999550775611205,  -0.023933589339325,   0.018039686149550,  0.060000000000000,
   0.023513197270910,  -0.999455077529874,  -0.023166302118643,                   0,
   0.018584308680632,  -0.022731724551594,   0.999568853141080,  -0.001640000000000,
                   0,                   0,                   0,   1.000000000000000]
- camera:
    label: cam1
    id: 54812562fa109c40fe90b29a59dd7723
    line-delay-nanoseconds: 0
    image_height: 400
    image_width: 640
    type: pinhole
    intrinsics:
      cols: 1
      rows: 4
      data: [241.317, 240.883, 322.791, 199.729]
    distortion:
      type: equidistant
      parameters:
        cols: 1
        rows: 4
        data: [0.65009, -0.0296068, -0.278154, 0.104525]
  T_B_C:
    cols: 4
    rows: 4
    data: [-0.999806747354194,  -0.016293067507865,   0.011000177099092,  -0.060868500000000,
   0.016013851152312,  -0.999558908421722,  -0.025010900944318,  0.000746509000000,
   0.011402829311132,  -0.024829912322823,   0.999626655775916,  -0.000957997000000,
                   0,                   0,                   0,   1.000000000000000]

imu_params:
  delay_imu_cam: 0.0
  max_imu_delta_t: 0.01
  acc_max: 176.0
  omega_max: 17
  sigma_acc_c: 0.1
  sigma_omega_c: 0.01
  sigma_acc_bias_c: 0.001
  sigma_omega_bias_c: 0.0001
  sigma_integration: 0.0
  g: 9.8082
  imu_rate: 800

imu_initialization:
  velocity: [0.0, 0, 0.0]
  omega_bias: [0.0, 0, 0.0]
  acc_bias: [0.0, 0.0, 0.0]
  velocity_sigma: 2.0
  omega_bias_sigma: 0.01
  acc_bias_sigma: 0.1

