label: "Realsense"
id: 412eab8e4058621f7036b5e765dfe812
cameras:
- camera:
    label: cam0
    id: 0
    line-delay-nanoseconds: 0
    image_height: 480
    image_width: 640
    type: pinhole
    depth_min: 0.1
    depth_max: 30.0
    depth_scale: 1000.0

    intrinsics:
      cols: 1
      rows: 4
      data: [367.213, 338.169, 320.0, 240.0]
    distortion:
      type: radial-tangential 
      parameters:
        cols: 1
        rows: 4
        data: [0.0326009, -0.012992, 0.00717436, 0.0122487]
  T_B_C:
    cols: 4
    rows: 4
    data: [1.00000000,  0.00000000,   0.00000000,  0.0,
           0.00000000,  0.984807753,  0.173648178, 0.0,
           0.00000000, -0.173648178,  0.984807753, -0.3,
           0.00000000,  0.00000000,  0.00000000,  1.00 ]
- camera:
    label: cam1
    id: 1
    line-delay-nanoseconds: 0
    image_height: 480
    image_width: 640
    type: pinhole

    intrinsics:
      cols: 1
      rows: 4
      data: [185.041, 137.847, 320.0, 240.0]
      
    distortion:
      type: radial-tangential
      parameters:
        cols: 1
        rows: 4
        data: [0.00424491, -0.000152893, -0.00038822, 0.00583555]
  T_B_C:
    cols: 4
    rows: 4
    data: [0.00000000,  0.00000000, -1.0000000, -0.20,
           0.00000000,  1.00000000,  0.0000000, -0.15,
           1.00000000,  0.00000000,  0.0000000, -0.30,
           0.00000000,  0.00000000,  0.0000000,  1.00 ]
- camera:
    label: cam2
    id: 1
    line-delay-nanoseconds: 0
    image_height: 480
    image_width: 640
    type: pinhole

    intrinsics:
      cols: 1
      rows: 4
      data: [185.041, 137.847, 320.0, 240.0]
      
    distortion:
      type: radial-tangential
      parameters:
        cols: 1
        rows: 4
        data: [0.00424491, -0.000152893, -0.00038822, 0.00583555]
  T_B_C:
    cols: 4
    rows: 4
    data: [0.00000000,  0.00000000,  1.0000000,  0.20,
           0.00000000,  1.00000000,  0.0000000, -0.15,
          -1.00000000,  0.00000000,  0.0000000, -0.30,
           0.00000000,  0.00000000,  0.0000000,  1.00 ]

imu_params:
  delay_imu_cam: 0.0
  max_imu_delta_t: 0.01
  acc_max: 176.0
  omega_max: 17
  sigma_acc_c: 0.1
  sigma_omega_c: 0.01
  sigma_acc_bias_c: 0.001
  sigma_omega_bias_c: 0.0001
  sigma_integration: 0.0
  g: 9.8082
  imu_rate: 800

imu_initialization:
  velocity: [0.0, 0, 0.0]
  omega_bias: [0.0, 0, 0.0]
  acc_bias: [0.0, 0.0, 0.0]
  velocity_sigma: 2.0
  omega_bias_sigma: 0.01
  acc_bias_sigma: 0.1


odometry_params:
  delay_imu_odom: 0.0
  max_odom_delta_t: 0.0

  linear_velocity_n: 0.01
  angular_velocity_n: 0.01
  T_B_O:
    cols: 4
    rows: 4
    data: [1.00000000,  0.00000000,  0.00000000, 0.00000000,
           0.00000000,  1.00000000,  0.00000000, 0.00000000,
           0.00000000,  0.00000000,  1.00000000, 0.00000000,
           0.        ,  0.        ,  0.        ,  1.       ]