label: "Realsense"
id: 412eab8e4058621f7036b5e765dfe812
cameras:
- camera:
    label: cam0
    id: 0
    line-delay-nanoseconds: 0
    image_height: 480
    image_width: 640
    type: pinhole

    intrinsics:
      cols: 1
      rows: 4
      data: [387.07695577781766, 388.04633259302165, 326.24863025812925, 236.85591090338707]
    distortion:
      type: radial-tangential 
      parameters:
        cols: 1
        rows: 4
        data: [0.0064057514868492505, -0.00492188407991922, 0.00024158847411948875, 0.0006182504739538709]
  T_B_C:
    cols: 4
    rows: 4
    #data: [0.0153831876932,   0.20003827354409,  -0.979667314272, -0.0436953038745,
    #      -0.9998810155164,   0.00420013823698,  -0.014842966300, 0.0308538323649,
    #      0.00114557679325,   0.97977908119957,   0.200079083608, 0.01298697760047,
    #      0.0,  0.0, 0.0, 1.0]
    data: [ 0.00025253, 0.19838466, -0.98012421, -0.03013315,
          -0.99999520, 0.00307700,  0.00036516,  0.03799638,
           0.00308829, 0.98011941,  0.19838448,  0.01355460,
                  0.0,        0.0,         0.0,         1.0]
                    
- camera:
    label: cam1
    id: 1
    line-delay-nanoseconds: 0
    image_height: 480
    image_width: 640
    type: pinhole

    intrinsics:
      cols: 1
      rows: 4
      data: [386.870164157663, 387.77681827876773, 325.40895727284794, 236.36750269871922]
    distortion:
      type: radial-tangential
      parameters:
        cols: 1
        rows: 4
        data: [0.004581232621603424, -0.003021818294197289, 0.00009740219930399433, 0.0005785091159924804]
  
  T_B_C:
    cols: 4
    rows: 4
    #data: [0.014565394381756510,   0.1956153405927313,  -0.9805725306224379,  -0.04300047688685501,
    #       -0.9998933921258192,   0.003856271064687826,  -0.01408309470949817,  -0.01899028207024671,
    #       0.001026484108468792,   0.9806731196980284,   0.1956506545660139,  0.01368670916128959,
    #       0.00,   0.00,   0.00,   1.00]         
    data: [-0.000996133, 0.19550900, -0.98070100, -0.03019400,
           -0.999995000, 0.00286031,  0.00158595, -0.01201180,
            0.003115180, 0.98069800,  0.19550500,  0.01372930,
                   0.0,        0.0,         0.0,         1.0] 

imu_params:
  delay_imu_cam: 0.0
  max_imu_delta_t: 0.01
  acc_max: 176.0
  omega_max: 17
  sigma_acc_c: 0.5
  sigma_omega_c: 0.01
  sigma_acc_bias_c: 0.001
  sigma_omega_bias_c: 0.0001
  sigma_integration: 0.0
  g: 9.8082
  imu_rate: 800

imu_initialization:
  velocity: [0.0, 0, 0.0]
  omega_bias: [0.0, 0, 0.0]
  acc_bias: [0.0, 0.0, 0.0]
  velocity_sigma: 2.0
  omega_bias_sigma: 0.01
  acc_bias_sigma: 0.1

odometry_params:

  delay_odom: 0.0
  max_odom_delta_t: 0.0

  linear_velocity_n: 0.2
  angular_velocity_n: 0.1

  vel_scale: [1.0, 1.0, 1.0]
  gyr_scale: [1.0, 1.0, 1.0]

  T_B_O:
    cols: 4
    rows: 4
    data: [-0.9995556780630455,  -0.02861118432855451,   0.008357426831333793,  0.2173158037711738,
            -0.02868771449268100,   0.9995462182134306,  -0.009185460925480950,   0.01098756034660123,
            -0.008090827467573428,  -0.009421135098521383,  -0.9999228873889944,   0.1334390270916171,
            0.00,  0.00,   0.00,    1.00]    

          