label: "Realsense"
id: 412eab8e4058621f7036b5e765dfe812
cameras:
- camera:
    label: cam0
    id: 0
    line-delay-nanoseconds: 0
    image_height: 480
    image_width: 640
    type: pinhole

    intrinsics:
      cols: 1
      rows: 4
      data: [384.7481691105802, 384.93560295280264, 321.47460274000247, 236.96489994163323]
    distortion:
      type: radial-tangential 
      parameters:
        cols: 1
        rows: 4
        data: [-0.0006944727825511169, -0.0012522718633075662, -0.0003868203656736159,-0.00005243721462169147]
  T_B_C:
    cols: 4
    rows: 4
    data: [ -0.0041478511862275760369,    0.19267580548499013693,   -0.98125370282676949163,  -0.030372924633165016006,
            -0.99999039271229805959, -0.0021903233051797275054,   0.003796968122307834391,   0.030203137583179655301,
            -0.0014176789622289067035,    0.98126002489886843261,    0.19268303952821336233,    0.01631889809881769543,
                                    0 ,                        0,                       -0,                         1]

- camera:
    label: cam1
    id: 1
    line-delay-nanoseconds: 0
    image_height: 480
    image_width: 640
    type: pinhole

    intrinsics:
      cols: 1
      rows: 4
      data: [386.7887997708181, 386.93080953361556, 321.94261938651977, 236.97784989717695]
    distortion:
      type: radial-tangential
      parameters:
        cols: 1
        rows: 4
        data: [-0.0008520155810389941, -0.00281956231057035, -0.0005635100752539656, -0.0003360787002704213]
  
  T_B_C:
    cols: 4
    rows: 4        
    data: [-0.0018502424097411244823,    0.19198703313052589703,   -0.98139571820584259321,  -0.026939701208575406871,
          -0.9999942807992869831, -0.0031336337181569473564,  0.0012722847310243463534,  -0.019349624996511233938,
          -0.00283107254261789551 ,   0.98139245944191833004,    0.19199173310015124616,   0.016917188309125655299,
                              0 ,                        0 ,                        0 ,                        1] 

imu_params:
  delay_imu_cam: 0.0
  max_imu_delta_t: 0.01
  acc_max: 176.0
  omega_max: 17
  sigma_acc_c: 0.5
  sigma_omega_c: 0.01
  sigma_acc_bias_c: 0.001
  sigma_omega_bias_c: 0.0001
  sigma_integration: 0.0
  g: 9.8082
  imu_rate: 800

imu_initialization:
  velocity: [0.0, 0, 0.0]
  omega_bias: [0.0, 0, 0.0]
  acc_bias: [0.0, 0.0, 0.0]
  velocity_sigma: 2.0
  omega_bias_sigma: 0.01
  acc_bias_sigma: 0.1

odometry_params:

  delay_odom: 0.0
  max_odom_delta_t: 0.0

  linear_velocity_n: 0.2
  angular_velocity_n: 0.1

  vel_scale: [1.0, 1.0, 1.0]
  gyr_scale: [1.0, 1.0, 1.0]

  T_B_O:
    cols: 4
    rows: 4
    data: [-0.9995556780630455,  -0.02861118432855451,   0.008357426831333793,  0.2173158037711738,
            -0.02868771449268100,   0.9995462182134306,  -0.009185460925480950,   0.01098756034660123,
            -0.008090827467573428,  -0.009421135098521383,  -0.9999228873889944,   0.1334390270916171,
            0.00,  0.00,   0.00,    1.00]    

          