label: "Realsense"
id: 412eab8e4058621f7036b5e765dfe812
cameras:
- camera:
    label: cam0
    id: 0
    line-delay-nanoseconds: 0
    image_height: 480
    image_width: 640
    depth_min: 0.1
    depth_max: 6.0
    depth_scale: 1000.0
    type: pinhole

    intrinsics:
      cols: 1
      rows: 4
      data: [386.7257520971745, 386.90968366812365, 318.1206845467795, 248.2417263249128]
    distortion:
      type: radial-tangential 
      parameters:
        cols: 1
        rows: 5
        data: [-0.052538765670801305, 0.05861075500500409, -0.017341679908339295, 0.00015103547122428363, 0.0010450462431988077]
  T_B_C:
    cols: 4
    rows: 4
    data: [1.00000000,  0.00000000,  0.00000000,  0.03274116,
           0.00000000,  1.00000000,  0.00000000, -0.00997888,
           0.00000000,  0.00000000,  1.00000000,  0.01796881,
           0.0,         0.0,         0.0,         1.0        ]
- camera:
    label: cam1
    id: 1
    line-delay-nanoseconds: 0
    image_height: 480
    image_width: 640
    type: pinhole

    intrinsics:
      cols: 1
      rows: 4
      data: [386.64519792, 386.92159581, 316.36844859, 240.43759845]
      
    distortion:
      type: radial-tangential
      parameters:
        cols: 1
        rows: 5
        data: [0.00421894, -0.00177169, 0.0, 0.00014066, 0.00017225]
  T_B_C:
    cols: 4
    rows: 4
    data: [-1.00000000,  0.00000000,  0.0000000,  0.06437286,
            0.00000000,  1.00000000,  0.0000000,  -0.00178947,
            0.00000000,  0.00000000, -1.0000000, -0.06984216,
            0.0,         0.0,         0.0,         1.0        ]

imu_params:
  delay_imu_cam: 0.0
  max_imu_delta_t: 0.01
  acc_max: 176.0
  omega_max: 17
  sigma_acc_c: 0.1
  sigma_omega_c: 0.01
  sigma_acc_bias_c: 0.001
  sigma_omega_bias_c: 0.0001
  sigma_integration: 0.0
  g: 9.8082
  imu_rate: 800

imu_initialization:
  velocity: [0.0, 0, 0.0]
  omega_bias: [0.0, 0, 0.0]
  acc_bias: [0.0, 0.0, 0.0]
  velocity_sigma: 2.0
  omega_bias_sigma: 0.01
  acc_bias_sigma: 0.1

odometry_params:
  delay_imu_odom: 0.0
  max_odom_delta_t: 0.0

  linear_velocity_n: 0.01
  angular_velocity_n: 0.01
  T_B_O:
    cols: 4
    rows: 4
    data: [1.00000000,  0.00000000,  0.00000000, 0.00000000,
           0.00000000,  1.00000000,  0.00000000, 0.00000000,
           0.00000000,  0.00000000,  1.00000000, 0.00000000,
           0.        ,  0.        ,  0.        ,  1.       ]