label: "Euroc"
id: 412eab8e4058621f7036b5e765dfe812
cameras:
- camera:
    label: cam0
    id: 54812562fa109c40fe90b29a59dd7798
    line-delay-nanoseconds: 0
    image_height: 480
    image_width: 640
    type: pinhole

    intrinsics:
      cols: 1
      rows: 4
      data: [278.09154331549433, 278.17822786987824, 319.1329891570753, 237.88832727324316]
    distortion:
      type: equidistant
      parameters:
        cols: 1
        rows: 4
        data: [0.0009830336181002844, -0.00147539773938501, 0.0009628583308510368, -6.157552614623216e-06]
  T_B_C:
    cols: 4
    rows: 4
    data: [1.0, 0.0, 0.0, 0.0,
           0.0, 1.0, 0.0, 0.0,
           0.0, 0.0, 1.0, 0.0,
           0.0, 0.0, 0.0, 1.0]
- camera:
    label: cam1
    id: 54812562fa109c40fe90b29a59dd7723
    line-delay-nanoseconds: 0
    image_height: 480
    image_width: 640
    type: pinhole

    intrinsics:
      cols: 1
      rows: 4
      data: [274.79198761315683, 274.86333350141683, 319.8743571637701, 247.76181321199425]
      
    distortion:
      type: equidistant
      parameters:
        cols: 1
        rows: 4
        data: [0.023336393031330817, -0.03407848914939001, 0.02342394172057287, -0.005710676335755284]
  T_B_C:
    cols: 4
    rows: 4
    data: [0.99929792, -0.03547865, -0.01203902, 0.07851149,
           0.03542927, 0.99936298, -0.00429018, 0.00139769,
           0.01218356, 0.00386063, 0.99991832, 0.00143188,
           0.0, 0.0, 0.0, 1.0]

imu_params:
  delay_imu_cam: 0.0
  max_imu_delta_t: 0.01
  acc_max: 176.0
  omega_max: 17
  sigma_acc_c: 0.1
  sigma_omega_c: 0.01
  sigma_acc_bias_c: 0.001
  sigma_omega_bias_c: 0.0001
  sigma_integration: 0.0
  g: 9.8082
  imu_rate: 800

imu_initialization:
  velocity: [0.0, 0, 0.0]
  omega_bias: [0.0, 0, 0.0]
  acc_bias: [0.0, 0.0, 0.0]
  velocity_sigma: 2.0
  omega_bias_sigma: 0.01
  acc_bias_sigma: 0.1


odometry_params:
  delay_imu_odom: 0.0
  max_odom_delta_t: 0.0

  linear_velocity_n: 0.01
  angular_velocity_n: 0.01
  T_B_O:
    cols: 4
    rows: 4
    data: [1.00000000,  0.00000000,  0.00000000, 0.00000000,
           0.00000000,  1.00000000,  0.00000000, 0.00000000,
           0.00000000,  0.00000000,  1.00000000, 0.00000000,
           0.        ,  0.        ,  0.        ,  1.       ]