label: "Euroc"
id: 412eab8e4058621f7036b5e765dfe812
cameras:
- camera:
    label: cam0
    id: 54812562fa109c40fe90b29a59dd7798
    line-delay-nanoseconds: 0
    image_height: 480
    image_width: 640
    type: mei

    intrinsics:
      cols: 1
      rows: 5
      data: [778.2300653463208, 778.2676980473199, 320.35834870891574, 237.3163642734437, 1.7955369948879127]
    distortion:
      type: radial-tangential  
      parameters:
        cols: 1
        rows: 4
        data: [-0.11034539071151424, 0.44073454955278435, 0.0011476203683299232, -0.001786760284317705]
  T_B_C:
    cols: 4
    rows: 4
    data: [1.0, 0.0, 0.0, 0.0,
           0.0, 1.0, 0.0, 0.0,
           0.0, 0.0, 1.0, 0.0,
           0.0, 0.0, 0.0, 1.0]
- camera:
    label: cam1
    id: 54812562fa109c40fe90b29a59dd7723
    line-delay-nanoseconds: 0
    image_height: 480
    image_width: 640
    type: mei

    intrinsics:
      cols: 1
      rows: 5
      data: [770.0721941506137, 769.890076954822, 320.14158396796734, 246.35338058115104, 1.7865627982552403]
      
    distortion:
      type: radial-tangential  
      parameters:
        cols: 1
        rows: 4
        data: [-0.04618155174926531, 0.1619628384661622, 0.0021675603635126733, 0.0001523775672469717]
  T_B_C:
    cols: 4
    rows: 4
    data: [0.99929792, -0.03547865, -0.01203902, 0.07851149,
           0.03542927, 0.99936298, -0.00429018, 0.00139769,
           0.01218356, 0.00386063, 0.99991832, 0.00143188,
           0.0, 0.0, 0.0, 1.0]

imu_params:
  delay_imu_cam: 0.0
  max_imu_delta_t: 0.01
  acc_max: 176.0
  omega_max: 17
  sigma_acc_c: 0.1
  sigma_omega_c: 0.01
  sigma_acc_bias_c: 0.001
  sigma_omega_bias_c: 0.0001
  sigma_integration: 0.0
  g: 9.8082
  imu_rate: 800

imu_initialization:
  velocity: [0.0, 0, 0.0]
  omega_bias: [0.0, 0, 0.0]
  acc_bias: [0.0, 0.0, 0.0]
  velocity_sigma: 2.0
  omega_bias_sigma: 0.01
  acc_bias_sigma: 0.1


odometry_params:
  delay_imu_odom: 0.0
  max_odom_delta_t: 0.0

  linear_velocity_n: 0.01
  angular_velocity_n: 0.01
  T_B_O:
    cols: 4
    rows: 4
    data: [1.00000000,  0.00000000,  0.00000000, 0.00000000,
           0.00000000,  1.00000000,  0.00000000, 0.00000000,
           0.00000000,  0.00000000,  1.00000000, 0.00000000,
           0.        ,  0.        ,  0.        ,  1.       ]