label: "DOG"
id: 412eab8e4058621f7036b5e765dfe812
base: "/home/mi/dataset/tum/room1/dso"
#base: "/home/mi/SLAM/test_data/TUM/dataset-room2_512_16/dso"
#base: "/home/jiakui/Downloads/visualdata/room1/dso"
#base: "/home/gc/me/dataset/tum/room1/dso"
cameras:
- camera:
    label: cam0
    id: 54812562fa109c40fe90b29a59dd7798
    line-delay-nanoseconds: 0
    image_height: 480
    image_width: 640
    type: pinhole
    vignette-path: "/cam0/vignette.png"
    gamma-path: "/cam0/pcalib.txt"

    intrinsics:
      cols: 1
      rows: 4
      data: [392.40869353954577, 392.86288954079095, 318.23214177871785, 233.89993246401556]
    distortion:
      type: radial-tangential  
      parameters:
        cols: 1
        rows: 4
        data: [0.0036230119992857143, -0.00042065421008970915, -2.1726769290845193e-05,
    -0.0008404668378211343]
  T_B_C:
    cols: 4
    rows: 4
#    data: [-5.7586305857286746e-03, -4.0463318787729019e-03, 9.9997523237933461e-01, 2.0329267950355900e-02,
#      -9.9998287214160420e-01, -1.0224590553211677e-03, -5.7628118925283633e-03, 7.9325209639615653e-03,
#      1.0457519809151661e-03, -9.9999129084997906e-01, -4.0403746097850135e-03, 2.8559824645148020e-03,
#      0.0, 0.0, 0.0, 1.0]
#    data: [0.9999982586270958, -0.00022176891601360628, 0.0018529871354020953, -0.0501017156752022,
#    0.00022176778262113065, 0.9999999754091912, 8.171235392782814e-07, -9.858757860553259e-06,
#   -0.0018529872710482446, -4.061892681178872e-07, 0.9999982832175305, 0.00014436691320598026,
#    0.0, 0.0, 0.0, 1.0]
    data: [-0.007133587040850,   0.192961117985303,  -0.981180472126199,  -0.041426921887143,
  -0.999968741396656,   0.001969473155383,   0.007657506452922,   0.034444252041892,
   0.003410009606574,   0.981204427283811,   0.192941036882076,   0.017345904980052,
                   0,                   0,                   0,   1.000000000000000]

- camera:
    label: cam1
    id: 54812562fa109c40fe90b29a59dd7723
    line-delay-nanoseconds: 0
    image_height: 480
    image_width: 640
    type: pinhole
    vignette-path: "/cam1/vignette.png"
    gamma-path: "/cam1/pcalib.txt"

    intrinsics:
      cols: 1
      rows: 4
      data: [392.40869353954577, 392.86288954079095, 318.23214177871785, 233.89993246401556]
      
    distortion:
      type: radial-tangential  
      parameters:
        cols: 1
        rows: 4
        data: [0.004391369121495368, -0.004025415994757488, -5.193603151580017e-05,
    -0.0007489411096908829]
  T_B_C:
    cols: 4
    rows: 4
#    data: [-1.0021770212322867e-03, 3.6313480322730518e-04, 9.9999943188700535e-01, 1.5285779565991807e-02,
#       -9.9999216342926500e-01, -3.8303422615924010e-03, -1.0007788055728661e-03, -5.2435791444330505e-02,
#       3.8299766679101843e-03, -9.9999259827824449e-01, 3.6697063849344680e-04, 8.6931302450199057e-03,
#           0.0, 0.0, 0.0, 1.0]
#    data: [1.0, 0.0, 0.0, 0.0,
#       0.0, 1.0, 0.0, 0.0,
#       0.0, 0.0, 1.0, 0.0,
#       0.0, 0.0, 0.0, 1.0]
    data: [-0.008994482188941,   0.192958729494792,  -0.981165647585517,  -0.041734010687142,
  -0.999953247585165,   0.001747718513611,   0.009510421855925,  -0.015656477017028,
   0.003549920285483,   0.981205317042132,   0.192933988385183,   0.017505582258142,
                   0,                   0,                   0,   1.000000000000000]

imu_params:
  delay_imu_cam: 0.0
  max_imu_delta_t: 0.01
  acc_max: 176.0
  omega_max: 17
  sigma_acc_c: 0.1
  sigma_omega_c: 0.01
  sigma_acc_bias_c: 0.001
  sigma_omega_bias_c: 0.0001
  #sigma_omega_c: 12.0e-4
  #sigma_acc_c: 8.0e-3
  #sigma_omega_bias_c: 0.03
  #sigma_acc_bias_c: 0.1
  sigma_integration: 0.0
  g: 9.8082
  imu_rate: 200 #800

imu_initialization:
  velocity: [0.0, 0, 0.0]
  omega_bias: [0.0, 0, 0.0]
  acc_bias: [0.0, 0.0, 0.0]
  velocity_sigma: 2.0
  omega_bias_sigma: 0.01
  acc_bias_sigma: 0.1

odometry_params:
  delay_imu_odom: 0.0
  max_odom_delta_t: 0.0

  linear_velocity_n: 0.01
  angular_velocity_n: 0.01
  T_B_O:
    cols: 4
    rows: 4
    data: [1.00000000,  0.00000000,  0.00000000, 0.00000000,
           0.00000000,  1.00000000,  0.00000000, 0.00000000,
           0.00000000,  0.00000000,  1.00000000, 0.00000000,
           0.        ,  0.        ,  0.        ,  1.       ]
