label: "Sim"
id: 412eab8e4058621f7036b5e765dfe812
cameras:
- camera:
    label: cam0
    id: 54812562fa109c40fe90b29a59dd7798
    line-delay-nanoseconds: 0
    image_height: 480
    image_width: 640
    type: pinhole
    intrinsics:
      cols: 1
      rows: 4
      data: [361.69420363576, 361.69420363576, 320.0, 240.0]
    distortion:
      type: radial-tangential  
      parameters:
        cols: 1
        rows: 4
        data: [0.0, 0.0, 0.0, 0.0]
  T_B_C:
    cols: 4
    rows: 4
    data: [1.0, 0.0, 0.0, 0.0,
           0.0, 0.98480775301, 0.17364817767, 0.0,
           0.0, -0.17364817767, 0.98480775301,  0.0,
           0.0, 0.0, 0.0, 1.0]
- camera:
    label: cam1
    id: 54812562fa109c40fe90b29a59dd7798
    line-delay-nanoseconds: 0
    image_height: 480
    image_width: 640
    type: pinhole
    intrinsics:
      cols: 1
      rows: 4
      data: [184.75208614068, 184.75208614068, 320.0, 240.0]
    distortion:
      type: radial-tangential  
      parameters:
        cols: 1
        rows: 4
        data: [0.0, 0.0, 0.0, 0.0]
  T_B_C:
    cols: 4
    rows: 4
    data: [0.0, 0.0, -1.0, -0.15,
           0.0, 1.0, 0.0, 0.0,
           1.0, 0.0, 0.0, -0.2,
           0.0, 0.0, 0.0, 1.0]
- camera:
    label: cam2
    id: 54812562fa109c40fe90b29a59dd7798
    line-delay-nanoseconds: 0
    image_height: 480
    image_width: 640
    type: pinhole
    intrinsics:
      cols: 1
      rows: 4
      data: [184.75208614068, 184.75208614068, 320.0, 240.0]
    distortion:
      type: radial-tangential  
      parameters:
        cols: 1
        rows: 4
        data: [0.0, 0.0, 0.0, 0.0]
  T_B_C:
    cols: 4
    rows: 4
    data: [0.0, 0.0, 1.0, 0.15,
           0.0, 1.0, 0.0, 0.0,
           -1.0, 0.0, 0.0, -0.2,
           0.0, 0.0, 0.0, 1.0]

imu_params:
  delay_imu_cam: 0.0
  max_imu_delta_t: 0.01
  acc_max: 176.0
  omega_max: 17
  sigma_omega_c: 12.0e-4
  sigma_acc_c: 8.0e-3
  sigma_omega_bias_c: 0.03
  sigma_acc_bias_c: 0.1
  sigma_integration: 0.0
  g: 9.8082
  imu_rate: 800

imu_initialization:
  velocity: [0.0, 0, 0.0]
  omega_bias: [0.0, 0, 0.0]
  acc_bias: [0.0, 0.0, 0.0]
  velocity_sigma: 2.0
  omega_bias_sigma: 0.01
  acc_bias_sigma: 0.1

